Serial	ID	
1	4145
2	4144
3	4147
4	4146
5	4141
6	4140
7	4143
8	819
9	3855
10	3999
11	3497
12	810
13	812
14	813
15	817
16	719
17	717
18	716
19	715
20	711
21	710
22	1264
23	5264
24	1528
25	1065
26	1529
27	591
28	590
29	593
30	592
31	595
32	596
33	3779
34	4655
35	1138
36	5412
37	3815
38	2985
39	2269
40	528
41	529
42	4217
43	4216
44	1335
45	1334
46	2448
47	2449
48	2765
49	1332
50	589
51	2044
52	906
53	1842
54	909
55	2048
56	3092
57	1533
58	644
59	1531
60	646
61	555
62	2634
63	1468
64	3998
65	3997
66	1995
67	741
68	742
69	746
70	747
71	748
72	554
73	556
74	553
75	2460
76	2461
77	1050
78	1051
79	5450
80	1190
81	5452
82	5453
83	5454
84	5455
85	5456
86	2221
87	1696
88	1693
89	1757
90	1756
91	1753
92	1751
93	618
94	1171
95	617
96	614
97	1884
98	1882
99	2122
100	2124
101	2127
102	949
103	2129
104	2081
105	2085
106	1472
107	2226
108	1470
109	1471
110	1474
111	5451
112	681
113	683
114	682
115	2710
116	2223
117	3418
118	1833
119	1835
120	3792
121	2404
122	2405
123	2402
124	2403
125	2011
126	2408
127	2409
128	3241
129	3240
130	3245
131	828
132	825
133	3848
134	827
135	821
136	823
137	708
138	707
139	700
140	797
141	795
142	794
143	1717
144	1716
145	790
146	1719
147	799
148	4722
149	587
150	584
151	585
152	581
153	1137
154	1134
155	1436
156	1434
157	2578
158	2579
159	1003
160	3773
161	2597
162	1223
163	2591
164	1734
165	1876
166	3774
167	4949
168	654
169	2110
170	2111
171	2113
172	2115
173	2622
174	2626
175	2629
176	3084
177	2126
178	2754
179	2753
180	2698
181	3233
182	3236
183	3237
184	3234
185	1473
186	4000
187	1961
188	5802
189	5801
190	562
191	774
192	758
193	773
194	772
195	1049
196	5447
197	4719
198	1146
199	669
200	3496
201	666
202	3494
203	663
204	662
205	660
206	696
207	694
208	3122
209	540
210	541
211	547
212	544
213	545
214	548
215	1461
216	1463
217	1462
218	2464
219	2465
220	2466
221	2709
222	2708
223	5062
224	2469
225	3400
226	1825
227	1827
228	1826
229	1820
230	1822
231	2411
232	2410
233	1384
234	833
235	831
236	836
237	837
238	838
239	839
240	2762
241	3317
242	784
243	786
244	787
245	781
246	782
247	1729
248	1726
249	1727
250	1724
251	1725
252	1722
253	1720
254	1721
255	578
256	571
257	730
258	733
259	737
260	739
261	738
262	1213
263	1211
264	1640
265	4686
266	965
267	783
268	1454
269	2109
270	2108
271	1451
272	1452
273	1101
274	2107
275	2106
276	2732
277	2635
278	788
279	2636
280	678
281	645
282	4152
283	4150
284	4151
285	3235
286	809
287	808
288	802
289	807
290	806
291	804
292	1780
293	763
294	760
295	761
296	766
297	767
298	764
299	765
300	2327
301	2324
302	5909
303	1090
304	1091
305	1092
306	674
307	677
308	3487
309	3138
310	2552
311	2555
312	2556
313	536
314	535
315	532
316	531
317	530
318	539
319	538
320	2477
321	2770
322	5768
323	1853
324	1854
325	1855
326	1856
327	1857
328	1526
329	1521
330	1523
331	911
332	910
333	2605
334	2606
335	2600
336	2601
337	2603
338	1936
339	844
340	842
341	840
342	3504
343	2674
344	1738
345	4060
346	4067
347	1731
348	1730
349	1733
350	1732
351	1735
352	4746
353	1736
354	753
355	752
356	750
357	757
358	756
359	755
360	754
361	759
362	563
363	3178
364	3172
365	3175
366	3174
367	2217
368	2216
369	1189
370	2218
371	2358
372	723
373	721
374	728
375	729
376	1165
377	1166
378	1167
379	1209
380	4718
381	1168
382	4697
383	4698
384	1117
385	1116
386	1118
387	1448
388	2725
389	2724
390	792
391	3780
392	3428
393	3784
